482.742798
461.889252
448.233765
441.257477
429.921478
432.715027
421.421356
432.663452
423.516479
441.709595
434.454437
451.250916
438.70575
446.821411
431.23114
478.700928
455.812927
488.295624
464.66333
486.448547
465.829437
450.049377
444.058868
431.129456
435.33606
422.897827
436.18158
427.577209
447.112885
438.40274
451.926727
437.721924
443.678925
429.415009
473.866486
452.962524
482.726166
461.59079
448.571136
441.009735
430.073242
432.217224
421.305237
431.615265
422.141968
439.825775
433.118774
451.38269
439.567932
448.329773
432.197601
480.675079
456.96698
490.44635
465.902191
488.958496
467.241852
451.483337
444.433136
431.705261
435.111145
422.887329
435.057465
426.165039
444.98996
436.831909
451.647217
438.084473
445.048279
430.19397
475.703796
454.303467
483.704834
462.324005
449.119049
441.396606
430.369476
432.433441
421.471161
431.602722
422.016785
439.734436
433.052124
451.331207
439.531372
448.324463
432.206757
480.701599
456.978394
490.454681
465.915344
488.948273
467.234375
451.490112
444.424927
431.751801
435.145142
422.923279
435.080658
426.172729
444.989838
436.792206
451.618256
438.084473
445.054413
430.178802
475.692719
454.006256
485.073883
462.935364
450.022919
440.931885
430.452087
431.901306
421.296814
430.630737
420.701965
437.675079
430.936188
450.237122
439.345551
449.284424
433.601746
483.246216
458.613159
493.233765
467.626892
491.486023
468.5625
452.913696
444.939117
432.457214
434.879059
422.953156
434.232849
424.954681
443.222748
435.569244
451.844971
438.989258
446.601044
431.147552
478.005554
455.686707
486.300354
463.721375
450.596588
441.368958
430.771088
432.124969
421.41217
430.721222
420.776978
437.735718
430.990723
450.276917
439.373718
449.304962
433.62561
483.32312
458.665924
493.272278
467.573212
491.446869
468.540253
452.890717
444.922363
432.437836
434.868774
422.948608
434.223419
424.929474
443.193512
435.538116
451.81424
438.987793
446.586304
431.156464
477.992249
455.358246
487.329407
464.498138
451.163483
441.771698
431.070526
432.156281
421.403107
430.7146
420.781128
437.738739
431.003204
450.275146
439.382782
449.314545
433.602051
483.305908
458.645264
493.237366
467.540527
491.423004
468.51651
452.943604
444.965942
432.476807
434.889465
422.960754
434.030151
424.649597
442.989258
435.378998
451.692383
438.877869
446.506073
431.078247
477.93515
455.654663
486.296783
463.744476
450.607849
441.377167
430.7771
431.978729
421.395203
430.705688
420.765625
437.724487
430.972992
450.08551
439.376892
449.307281
433.627319
483.324341
458.647278
493.258667
467.563293
491.459442
468.549438
452.980347
445.000854
432.502258
