37.679634
37.626396
58.999233
37.157307
48.756058
36.232124
41.868122
38.054737
37.337624
59.659668
37.498482
48.139175
35.843922
41.556057
38.362011
36.964348
43.723003
37.670593
47.984982
35.675076
41.278603
38.427197
36.85701
43.920441
37.774338
47.772274
35.753368
41.165543
38.494015
36.751186
44.030804
37.913216
47.573837
35.751675
41.02924
38.659119
36.692017
44.338661
38.052719
47.419678
35.835205
40.931835
38.796455
36.667061
44.484947
38.192841
47.162762
35.868324
40.735771
38.868187
36.521896
44.654247
38.333576
47.001381
35.872417
40.591427
38.990192
36.494347
44.903179
38.477505
46.803127
36.035408
40.448696
39.114017
36.468628
45.108494
38.503632
46.597652
36.056583
40.328136
39.274353
36.329193
44.903179
38.474915
46.795849
35.993053
40.434353
39.08289
36.441635
45.108494
38.467987
46.656376
35.941738
40.328136
39.256969
36.373302
45.365173
38.460705
46.494919
36.024311
35.637581
40.915718
38.533131
36.627495
44.192493
38.017784
47.419678
35.741238
40.918449
38.718269
36.641022
44.382298
38.157757
47.25832
35.85714
40.772114
38.856373
36.540245
44.697876
38.263134
47.060001
35.872417
40.713394
39.044327
36.556751
44.859501
38.480232
46.854504
35.920719
40.505672
39.08289
36.468628
45.057163
38.507965
46.649017
35.958481
40.392509
39.274353
36.400642
44.851849
38.515518
46.949993
35.920719
40.569767
39.08289
36.485973
45.013462
38.507965
46.70039
36.001022
40.392509
39.225475
36.400642
44.851849
38.480232
46.905876
35.950729
40.584
39.149384
36.424339
45.005836
38.507965
46.597652
35.958481
40.357368
39.208073
36.373302
45.270084
38.462315
46.494919
36.083008
40.237671
52.541603
36.24052
45.819839
38.488945
45.929974
36.181816
39.844803
53.348808
36.03791
46.333477
38.532604
45.321411
36.295975
39.463795
54.082626
35.926453
47.008629
38.371662
44.808186
36.592964
39.211643
54.963215
35.793106
47.162762
38.192841
44.441284
36.648331
38.990192
55.330124
35.731632
47.375538
38.052719
44.346401
36.769096
38.849926
55.55027
35.661602
47.977882
37.670593
43.806026
36.918762
38.571266
56.430859
36.037201
48.499004
37.293285
43.344494
37.133278
