24.837589
64.782623
45.003315
49.194046
82.238144
38.957417
77.261223
23.805595
63.510845
45.003315
48.593903
82.13797
38.183331
76.281708
22.508255
61.496773
81.337372
48.29792
82.112526
37.972797
76.03923
22.133476
61.1301
81.445107
48.121635
82.139984
37.454742
75.776657
21.759985
60.761295
81.398438
47.888084
82.043861
37.03894
75.354195
21.331715
60.430424
81.458656
47.656246
82.017807
36.524139
75.017967
21.006048
59.847191
81.55455
47.426102
81.973999
36.176292
74.641563
20.638138
59.431522
81.452187
47.197643
82.010117
35.761902
74.28141
20.245178
59.026619
81.56691
47.080078
81.911865
35.271732
73.918701
19.854691
58.621128
81.605606
46.58699
81.875931
34.744648
73.715736
19.60944
58.198418
81.56691
46.970863
81.97477
35.319431
73.989357
19.95208
58.690777
81.605606
46.643135
81.821854
34.770954
73.715736
19.538095
58.241501
81.653481
46.206001
81.857841
34.379292
37.072849
75.387733
21.487787
60.279694
81.362129
47.714043
82.017807
36.73951
75.08815
21.132788
59.917351
81.534859
47.483479
82.053879
36.292171
74.731201
20.808323
59.542969
81.527863
47.311661
81.956345
35.761902
74.481377
20.45952
59.180077
81.491623
47.189274
81.920799
35.299744
74.170967
19.95208
58.621128
81.595963
46.805294
81.884941
34.953957
73.665726
19.60944
58.17205
81.557182
47.132648
82.001312
35.299744
74.120461
19.95208
58.733131
81.520958
46.805294
81.893936
34.906643
73.665726
19.634876
58.17205
81.557182
47.189274
81.929718
35.367241
74.049995
19.997553
58.578617
81.586304
46.805294
81.875931
34.953957
73.574303
19.563454
58.241501
81.569412
46.3153
81.857841
34.515308
73.369858
45.003315
57.04224
81.802513
45.057938
81.75692
33.122757
72.419846
45.003315
55.742016
81.894081
43.912018
81.579041
32.033791
71.212944
45.003315
54.408611
81.947487
42.756332
81.481796
30.603737
70.203438
45.003315
53.017723
81.973999
42.580528
81.478546
30.270346
69.761452
45.003315
52.734604
81.94693
42.350384
81.392357
29.787191
69.440109
45.003315
52.333599
82.173904
41.708706
81.079216
28.548292
68.375389
45.003315
51.43417
82.196716
41.053959
80.148911
27.462244
